decade            mean(ratio)  sd(ratio)  min g(n)   n at min
--------------------------------------------------------------
[       10,        100)     0.7244     0.2115        1         12
[      100,      1,000)     0.8769     0.1082        3        128
[    1,000,     10,000)     0.9584     0.0533       16      1,112
[   10,000,    100,000)     0.9873     0.0238       92     10,006
[  100,000,  1,000,000)     0.9962     0.0100      570    100,094
[1,000,000, 10,000,000)     0.9989     0.0040     3963  1,002,002

global minimum of g(n): 1 (n = 4); zero partitions found: 0
